;kaarisofficiel1;sneazzy;nekfeu1995;sopranopsy4;canardo78190;sethgueko;dossehlafamine;redkcarpediem;disizfr;algerino_off;hocpoc;stillfresh;lordkossity;nor_officiel;lim92officiel;akhenatoniam;grandcorpsmalad;maskaleblanc9;blackoofficiel;rohff;joeystarr_;bigfloetoli;officielniro;jul_levrai;gradidur;orel_san;keryjames922012;donchoarap;officielks;diams;medinrecords;ixzoo;monsieurbors;maitrgims;aketofficiel;sultanofficiel;oxmopuccino;alonzopsy4;rimkofficiel;lacrim_officiel;tunisniper;general_mactyer;abdalmalik1;mcsolaar1;booba;gyneco;gab1mc;lafouine78;guizlabanquise;nessbealne2s;bmesrimes;fababyofficiel;mryouofficiel;sinikofficiel;desporutti93;youssouphamusik;leckyougo;zehefyu;hayce_lemsi;jokemtp;grodashizzle;punchydinos
kaarisofficiel1;276410.0;9345.0;12989.0;83464.0;16062.0;30656.0;18130.0;11233.0;20438.0;11825.0;809.0;11752.0;1804.0;2174.0;1149.0;6568.0;3992.0;23101.0;1960.0;120009.0;6876.0;1750.0;42336.0;8154.0;25168.0;39259.0;39847.0;33.0;121.0;2425.0;9937.0;4277.0;3869.0;121946.0;5470.0;40338.0;17744.0;33582.0;42971.0;68563.0;18319.0;35052.0;552.0;224.0;217710.0;2264.0;170.0;164764.0;17654.0;15587.0;68424.0;58789.0;30180.0;10261.0;18595.0;46655.0;21808.0;13868.0;31068.0;17559.0;4534.0;6100.0
sneazzy;9345.0;71535.0;50392.0;19181.0;5127.0;9072.0;3945.0;4732.0;20802.0;3090.0;2315.0;3913.0;1108.0;419.0;333.0;6608.0;2125.0;5347.0;854.0;10411.0;6984.0;4962.0;5726.0;853.0;3114.0;37882.0;9233.0;24.0;69.0;1483.0;3915.0;411.0;1557.0;15340.0;3762.0;7444.0;14120.0;7617.0;11518.0;6967.0;8034.0;6979.0;474.0;152.0;26101.0;2406.0;60.0;25996.0;18146.0;6596.0;10962.0;10375.0;6103.0;4251.0;5171.0;17735.0;5741.0;4990.0;4800.0;7288.0;2254.0;7236.0
nekfeu1995;12989.0;50392.0;115596.0;23486.0;5638.0;12005.0;5076.0;5886.0;26456.0;3612.0;3235.0;4878.0;1329.0;555.0;489.0;8791.0;2485.0;6152.0;1191.0;13547.0;8323.0;6453.0;7712.0;1262.0;4616.0;53254.0;11814.0;45.0;102.0;1600.0;5157.0;593.0;2406.0;19166.0;4655.0;8841.0;18732.0;9190.0;13627.0;9854.0;9555.0;8750.0;605.0;219.0;35699.0;2755.0;76.0;33173.0;27700.0;7903.0;12907.0;12702.0;7944.0;5413.0;6640.0;21386.0;6871.0;5953.0;7067.0;9917.0;2893.0;9830.0
sopranopsy4;83464.0;19181.0;23486.0;1479742.0;33826.0;40359.0;12327.0;24987.0;44289.0;33452.0;2072.0;13923.0;5287.0;2312.0;1222.0;18565.0;16348.0;62616.0;4698.0;146451.0;24109.0;2822.0;29908.0;11827.0;11804.0;286533.0;68944.0;128.0;274.0;16751.0;16071.0;1858.0;3547.0;380296.0;11925.0;57730.0;117905.0;82029.0;165741.0;65701.0;49411.0;40421.0;1497.0;403.0;708265.0;4756.0;148.0;877447.0;22436.0;34861.0;210582.0;86289.0;65884.0;25314.0;18337.0;187366.0;36949.0;31338.0;25000.0;9337.0;5944.0;5241.0
canardo78190;16062.0;5127.0;5638.0;33826.0;51911.0;14667.0;5588.0;9872.0;12402.0;10865.0;496.0;8888.0;1646.0;682.0;523.0;4559.0;2217.0;12081.0;1389.0;28438.0;4599.0;656.0;13538.0;2358.0;3261.0;18398.0;19041.0;41.0;65.0;3090.0;6250.0;934.0;1271.0;30388.0;5340.0;22614.0;8228.0;19310.0;21308.0;18663.0;17682.0;14620.0;351.0;105.0;33476.0;1262.0;67.0;45423.0;8561.0;12937.0;22577.0;28657.0;18871.0;9356.0;8451.0;19499.0;17541.0;11638.0;9239.0;3314.0;3057.0;2104.0
sethgueko;30656.0;9072.0;12005.0;40359.0;14667.0;87344.0;13466.0;12775.0;21725.0;10106.0;1554.0;10119.0;2883.0;1122.0;1236.0;10008.0;2798.0;11291.0;1994.0;36548.0;8932.0;1492.0;25012.0;3049.0;7312.0;32388.0;28484.0;67.0;147.0;3392.0;10914.0;1573.0;3430.0;35605.0;8835.0;21526.0;20426.0;27000.0;39800.0;28810.0;21878.0;30142.0;597.0;201.0;59154.0;2628.0;162.0;51960.0;14990.0;23112.0;23276.0;29247.0;21862.0;12610.0;18450.0;30358.0;18100.0;18984.0;14143.0;7674.0;5910.0;4631.0
dossehlafamine;18130.0;3945.0;5076.0;12327.0;5588.0;13466.0;31590.0;6374.0;8829.0;3644.0;679.0;5828.0;1460.0;1045.0;556.0;3949.0;996.0;4654.0;1140.0;13665.0;2769.0;679.0;15162.0;1498.0;10230.0;9780.0;11171.0;22.0;52.0;1281.0;5605.0;2380.0;2683.0;13553.0;4476.0;9612.0;7685.0;11863.0;13297.0;13362.0;7672.0;16111.0;289.0;105.0;21617.0;880.0;82.0;16429.0;7170.0;8811.0;9111.0;12222.0;6635.0;4903.0;11649.0;12135.0;7914.0;7203.0;7926.0;10354.0;4673.0;3412.0
redkcarpediem;11233.0;4732.0;5886.0;24987.0;9872.0;12775.0;6374.0;32567.0;12174.0;8726.0;853.0;7028.0;1611.0;893.0;520.0;6517.0;1890.0;9003.0;1658.0;17261.0;4059.0;854.0;10780.0;1629.0;2740.0;14080.0;17370.0;63.0;74.0;2254.0;8305.0;754.0;2419.0;19949.0;6407.0;13708.0;9707.0;19786.0;17029.0;12225.0;14870.0;14160.0;412.0;127.0;20622.0;1020.0;60.0;23443.0;7946.0;10636.0;15874.0;16845.0;10361.0;8732.0;9584.0;17926.0;12355.0;9910.0;7001.0;3355.0;4037.0;2826.0
disizfr;20438.0;20802.0;26456.0;44289.0;12402.0;21725.0;8829.0;12174.0;112061.0;8599.0;3885.0;7672.0;3183.0;927.0;698.0;15829.0;5585.0;12171.0;2694.0;27758.0;14146.0;4439.0;13774.0;2011.0;5279.0;55472.0;29430.0;69.0;209.0;4550.0;12245.0;988.0;4099.0;36843.0;8098.0;17252.0;35107.0;21343.0;29791.0;16214.0;20807.0;20136.0;1527.0;444.0;52740.0;4188.0;161.0;52106.0;18718.0;16728.0;25356.0;24029.0;13538.0;11452.0;12743.0;41412.0;14375.0;14244.0;9027.0;10121.0;5213.0;7756.0
algerino_off;11825.0;3090.0;3612.0;33452.0;10865.0;10106.0;3644.0;8726.0;8599.0;50174.0;406.0;4820.0;1443.0;940.0;549.0;5034.0;2639.0;10179.0;1359.0;23032.0;3903.0;464.0;9006.0;5869.0;2658.0;12455.0;14779.0;62.0;63.0;3210.0;5395.0;519.0;1083.0;29656.0;4656.0;13146.0;6602.0;21134.0;20376.0;19268.0;15405.0;10893.0;398.0;77.0;26913.0;1009.0;54.0;35146.0;5324.0;8829.0;20144.0;15774.0;17372.0;9842.0;5511.0;12703.0;13284.0;8718.0;8253.0;2067.0;2052.0;1258.0
hocpoc;809.0;2315.0;3235.0;2072.0;496.0;1554.0;679.0;853.0;3885.0;406.0;16885.0;437.0;563.0;129.0;87.0;3423.0;940.0;446.0;314.0;867.0;2586.0;765.0;609.0;66.0;188.0;5734.0;1711.0;16.0;28.0;654.0;1086.0;45.0;525.0;1464.0;970.0;554.0;6762.0;1003.0;1594.0;445.0;1250.0;1171.0;383.0;82.0;2815.0;747.0;29.0;2124.0;1540.0;1207.0;973.0;833.0;588.0;826.0;1018.0;2938.0;565.0;1063.0;338.0;802.0;718.0;799.0
stillfresh;11752.0;3913.0;4878.0;13923.0;8888.0;10119.0;5828.0;7028.0;7672.0;4820.0;437.0;24944.0;990.0;565.0;438.0;3058.0;906.0;6399.0;885.0;15025.0;2319.0;610.0;11922.0;1171.0;3659.0;9030.0;11372.0;15.0;38.0;1188.0;4593.0;959.0;1195.0;13807.0;4003.0;13740.0;5373.0;10869.0;12219.0;13328.0;8956.0;10863.0;208.0;75.0;16526.0;647.0;49.0;18440.0;8202.0;7833.0;10865.0;17423.0;10077.0;5314.0;7618.0;11719.0;11388.0;6843.0;10762.0;3733.0;2876.0;3043.0
lordkossity;1804.0;1108.0;1329.0;5287.0;1646.0;2883.0;1460.0;1611.0;3183.0;1443.0;563.0;990.0;9299.0;263.0;192.0;2452.0;1018.0;1470.0;809.0;2523.0;3074.0;182.0;1436.0;268.0;354.0;3908.0;2979.0;27.0;71.0;1660.0;1399.0;119.0;533.0;4207.0;1757.0;1790.0;3567.0;2849.0;3692.0;1353.0;2638.0;2719.0;224.0;80.0;5709.0;1025.0;50.0;5776.0;1339.0;2954.0;2965.0;2212.0;1987.0;2081.0;1844.0;3542.0;1519.0;2933.0;673.0;657.0;1292.0;503.0
nor_officiel;2174.0;419.0;555.0;2312.0;682.0;1122.0;1045.0;893.0;927.0;940.0;129.0;565.0;263.0;11010.0;105.0;596.0;276.0;729.0;327.0;2027.0;379.0;127.0;1237.0;727.0;1890.0;1171.0;1269.0;17.0;7.0;280.0;737.0;255.0;516.0;2316.0;553.0;1292.0;812.0;1960.0;1478.0;2662.0;966.0;1405.0;79.0;14.0;2519.0;139.0;14.0;2711.0;711.0;783.0;1629.0;1445.0;866.0;766.0;763.0;1240.0;1061.0;728.0;1187.0;862.0;409.0;345.0
lim92officiel;1149.0;333.0;489.0;1222.0;523.0;1236.0;556.0;520.0;698.0;549.0;87.0;438.0;192.0;105.0;3029.0;531.0;138.0;399.0;198.0;1377.0;457.0;85.0;1042.0;289.0;400.0;785.0;1045.0;7.0;17.0;195.0;543.0;156.0;340.0;1047.0;474.0;713.0;724.0;987.0;1399.0;1254.0;890.0;994.0;56.0;20.0;1683.0;223.0;30.0;1381.0;717.0;837.0;670.0;832.0;995.0;640.0;722.0;819.0;642.0;741.0;716.0;368.0;298.0;249.0
akhenatoniam;6568.0;6608.0;8791.0;18565.0;4559.0;10008.0;3949.0;6517.0;15829.0;5034.0;3423.0;3058.0;2452.0;596.0;531.0;51091.0;5317.0;4354.0;1798.0;10447.0;13699.0;1771.0;5325.0;1071.0;1423.0;18521.0;14117.0;97.0;299.0;3202.0;7170.0;325.0;2983.0;12948.0;5689.0;5436.0;22738.0;9995.0;14149.0;6018.0;10670.0;8964.0;1303.0;400.0;18118.0;3464.0;159.0;17089.0;6622.0;7980.0;8630.0;7330.0;5872.0;6607.0;6323.0;14826.0;5186.0;7585.0;3083.0;2782.0;3171.0;2753.0
grandcorpsmalad;3992.0;2125.0;2485.0;16348.0;2217.0;2798.0;996.0;1890.0;5585.0;2639.0;940.0;906.0;1018.0;276.0;138.0;5317.0;102850.0;3227.0;780.0;6068.0;6302.0;617.0;1658.0;905.0;739.0;11435.0;6313.0;21.0;67.0;2536.0;2142.0;116.0;753.0;15115.0;1557.0;2664.0;50712.0;3800.0;6003.0;3305.0;4351.0;2820.0;933.0;171.0;12712.0;1882.0;48.0;20195.0;1662.0;2468.0;9640.0;3993.0;2731.0;3005.0;1592.0;6956.0;2065.0;2520.0;1376.0;816.0;648.0;648.0
maskaleblanc9;23101.0;5347.0;6152.0;62616.0;12081.0;11291.0;4654.0;9003.0;12171.0;10179.0;446.0;6399.0;1470.0;729.0;399.0;4354.0;3227.0;107158.0;1436.0;35163.0;4978.0;864.0;10275.0;3242.0;4012.0;29867.0;20565.0;34.0;61.0;3174.0;5674.0;791.0;1227.0;93176.0;4571.0;19702.0;9721.0;20016.0;20183.0;16687.0;13835.0;13072.0;397.0;110.0;54961.0;1135.0;48.0;75825.0;6895.0;8672.0;86100.0;26472.0;14854.0;7486.0;6739.0;27530.0;12841.0;8577.0;7990.0;3344.0;2383.0;2072.0
blackoofficiel;1960.0;854.0;1191.0;4698.0;1389.0;1994.0;1140.0;1658.0;2694.0;1359.0;314.0;885.0;809.0;327.0;198.0;1798.0;780.0;1436.0;9921.0;2539.0;1538.0;318.0;1520.0;513.0;905.0;3041.0;3059.0;24.0;53.0;799.0;1737.0;267.0;1176.0;3661.0;1935.0;1838.0;2312.0;2541.0;2598.0;1777.0;3194.0;2192.0;277.0;85.0;3753.0;607.0;47.0;4509.0;1404.0;1840.0;2678.0;2247.0;1334.0;1800.0;1478.0;3269.0;1543.0;1583.0;1035.0;926.0;807.0;599.0
rohff;120009.0;10411.0;13547.0;146451.0;28438.0;36548.0;13665.0;17261.0;27758.0;23032.0;867.0;15025.0;2523.0;2027.0;1377.0;10447.0;6068.0;35163.0;2539.0;368669.0;11445.0;1502.0;43169.0;10314.0;15834.0;54698.0;67983.0;71.0;202.0;5845.0;14045.0;2620.0;3569.0;175521.0;8210.0;62013.0;24299.0;53509.0;73374.0;87577.0;34591.0;40152.0;828.0;275.0;244199.0;3220.0;188.0;269964.0;21407.0;22592.0;93063.0;82821.0;56112.0;17829.0;19585.0;57518.0;37349.0;22450.0;35578.0;10000.0;4607.0;5005.0
joeystarr_;6876.0;6984.0;8323.0;24109.0;4599.0;8932.0;2769.0;4059.0;14146.0;3903.0;2586.0;2319.0;3074.0;379.0;457.0;13699.0;6302.0;4978.0;1538.0;11445.0;80637.0;1277.0;4174.0;1039.0;1328.0;27305.0;11980.0;64.0;536.0;4081.0;4489.0;267.0;1760.0;18459.0;3796.0;4932.0;20821.0;7474.0;14132.0;5450.0;8670.0;6978.0;1192.0;383.0;27937.0;5933.0;171.0;27832.0;5662.0;6784.0;11057.0;6979.0;6062.0;5522.0;4554.0;15020.0;4049.0;6563.0;2421.0;2237.0;2222.0;1801.0
bigfloetoli;1750.0;4962.0;6453.0;2822.0;656.0;1492.0;679.0;854.0;4439.0;464.0;765.0;610.0;182.0;127.0;85.0;1771.0;617.0;864.0;318.0;1502.0;1277.0;15766.0;947.0;236.0;859.0;8324.0;1711.0;9.0;19.0;232.0;984.0;116.0;767.0;2459.0;689.0;1053.0;2821.0;1078.0;1423.0;1195.0;1345.0;1006.0;147.0;55.0;3675.0;523.0;11.0;3725.0;3321.0;901.0;1789.0;1515.0;746.0;754.0;827.0;3051.0;804.0;615.0;1021.0;1813.0;375.0;2296.0
officielniro;42336.0;5726.0;7712.0;29908.0;13538.0;25012.0;15162.0;10780.0;13774.0;9006.0;609.0;11922.0;1436.0;1237.0;1042.0;5325.0;1658.0;10275.0;1520.0;43169.0;4174.0;947.0;79887.0;3957.0;13133.0;17356.0;26072.0;35.0;76.0;1927.0;9023.0;2682.0;2904.0;32550.0;6112.0;25045.0;10718.0;24480.0;31353.0;46063.0;16332.0;28240.0;370.0;124.0;50769.0;1234.0;95.0;45762.0;13677.0;14685.0;20937.0;32892.0;23404.0;8555.0;16664.0;22468.0;21026.0;11863.0;23938.0;10198.0;4573.0;4222.0
jul_levrai;8154.0;853.0;1262.0;11827.0;2358.0;3049.0;1498.0;1629.0;2011.0;5869.0;66.0;1171.0;268.0;727.0;289.0;1071.0;905.0;3242.0;513.0;10314.0;1039.0;236.0;3957.0;34746.0;3354.0;3913.0;3860.0;17.0;31.0;850.0;1255.0;467.0;591.0;14279.0;759.0;4610.0;1689.0;6869.0;5656.0;12993.0;2903.0;3329.0;178.0;34.0;12952.0;272.0;25.0;15885.0;1697.0;1595.0;8669.0;5273.0;5298.0;2033.0;1321.0;3192.0;3535.0;1534.0;5478.0;1433.0;315.0;554.0
gradidur;25168.0;3114.0;4616.0;11804.0;3261.0;7312.0;10230.0;2740.0;5279.0;2658.0;188.0;3659.0;354.0;1890.0;400.0;1423.0;739.0;4012.0;905.0;15834.0;1328.0;859.0;13133.0;3354.0;56525.0;7390.0;7315.0;5.0;18.0;459.0;2734.0;3817.0;2114.0;14926.0;1309.0;9784.0;3104.0;9847.0;8622.0;21517.0;3656.0;9933.0;222.0;49.0;26360.0;454.0;42.0;20185.0;6529.0;3361.0;9734.0;11718.0;5424.0;2551.0;4487.0;8356.0;5275.0;2831.0;10965.0;12258.0;1314.0;3192.0
orel_san;39259.0;37882.0;53254.0;286533.0;18398.0;32388.0;9780.0;14080.0;55472.0;12455.0;5734.0;9030.0;3908.0;1171.0;785.0;18521.0;11435.0;29867.0;3041.0;54698.0;27305.0;8324.0;17356.0;3913.0;7390.0;737518.0;38725.0;91.0;191.0;8274.0;12624.0;1081.0;4048.0;122169.0;9362.0;28132.0;117150.0;31033.0;101413.0;26109.0;27559.0;24155.0;1589.0;474.0;294575.0;6477.0;172.0;330501.0;25852.0;23695.0;73565.0;42008.0;27840.0;14991.0;13901.0;136583.0;18123.0;17832.0;13158.0;11626.0;5376.0;8913.0
keryjames922012;39847.0;9233.0;11814.0;68944.0;19041.0;28484.0;11171.0;17370.0;29430.0;14779.0;1711.0;11372.0;2979.0;1269.0;1045.0;14117.0;6313.0;20565.0;3059.0;67983.0;11980.0;1711.0;26072.0;3860.0;7315.0;38725.0;129030.0;81.0;229.0;5865.0;19816.0;1572.0;4324.0;66047.0;9422.0;31700.0;27297.0;34970.0;47975.0;34756.0;31686.0;33338.0;1453.0;378.0;76190.0;3140.0;161.0;84246.0;15100.0;20513.0;44506.0;45680.0;25402.0;16511.0;18794.0;53360.0;24649.0;19994.0;16201.0;6912.0;5321.0;4478.0
donchoarap;33.0;24.0;45.0;128.0;41.0;67.0;22.0;63.0;69.0;62.0;16.0;15.0;27.0;17.0;7.0;97.0;21.0;34.0;24.0;71.0;64.0;9.0;35.0;17.0;5.0;91.0;81.0;230.0;9.0;23.0;43.0;3.0;19.0;62.0;50.0;42.0;87.0;87.0;87.0;45.0;81.0;57.0;16.0;7.0;87.0;12.0;4.0;96.0;41.0;67.0;52.0;50.0;45.0;47.0;40.0;73.0;43.0;58.0;29.0;8.0;17.0;14.0
officielks;121.0;69.0;102.0;274.0;65.0;147.0;52.0;74.0;209.0;63.0;28.0;38.0;71.0;7.0;17.0;299.0;67.0;61.0;53.0;202.0;536.0;19.0;76.0;31.0;18.0;191.0;229.0;9.0;998.0;52.0;96.0;9.0;80.0;211.0;71.0;67.0;304.0;120.0;209.0;103.0;163.0;122.0;27.0;30.0;298.0;74.0;9.0;283.0;81.0;95.0;131.0;100.0;88.0;104.0;89.0;157.0;60.0;91.0;58.0;37.0;26.0;36.0
diams;2425.0;1483.0;1600.0;16751.0;3090.0;3392.0;1281.0;2254.0;4550.0;3210.0;654.0;1188.0;1660.0;280.0;195.0;3202.0;2536.0;3174.0;799.0;5845.0;4081.0;232.0;1927.0;850.0;459.0;8274.0;5865.0;23.0;52.0;37708.0;2463.0;106.0;537.0;11052.0;2032.0;3201.0;4922.0;4943.0;6760.0;2956.0;4929.0;3314.0;567.0;98.0;12816.0;1097.0;58.0;17517.0;1562.0;3915.0;6734.0;4254.0;4540.0;4337.0;1886.0;6578.0;2933.0;3927.0;1230.0;592.0;1026.0;486.0
medinrecords;9937.0;3915.0;5157.0;16071.0;6250.0;10914.0;5605.0;8305.0;12245.0;5395.0;1086.0;4593.0;1399.0;737.0;543.0;7170.0;2142.0;5674.0;1737.0;14045.0;4489.0;984.0;9023.0;1255.0;2734.0;12624.0;19816.0;43.0;96.0;2463.0;34229.0;712.0;3484.0;14218.0;5557.0;8792.0;11142.0;11101.0;13965.0;9439.0;12073.0;11747.0;834.0;172.0;17028.0;1299.0;91.0;17298.0;5831.0;7953.0;10182.0;11669.0;6821.0;7333.0;8268.0;17200.0;8227.0;7406.0;5377.0;3298.0;3439.0;2555.0
ixzoo;4277.0;411.0;593.0;1858.0;934.0;1573.0;2380.0;754.0;988.0;519.0;45.0;959.0;119.0;255.0;156.0;325.0;116.0;791.0;267.0;2620.0;267.0;116.0;2682.0;467.0;3817.0;1081.0;1572.0;3.0;9.0;106.0;712.0;5906.0;592.0;2227.0;400.0;2151.0;622.0;2046.0;1753.0;2959.0;903.0;2417.0;46.0;19.0;3775.0;118.0;13.0;2822.0;1016.0;890.0;1512.0;2193.0;974.0;624.0;1283.0;1572.0;1203.0;839.0;1757.0;1906.0;448.0;542.0
monsieurbors;3869.0;1557.0;2406.0;3547.0;1271.0;3430.0;2683.0;2419.0;4099.0;1083.0;525.0;1195.0;533.0;516.0;340.0;2983.0;753.0;1227.0;1176.0;3569.0;1760.0;767.0;2904.0;591.0;2114.0;4048.0;4324.0;19.0;80.0;537.0;3484.0;592.0;10403.0;3258.0;1672.0;1978.0;4187.0;3062.0;3483.0;2752.0;2790.0;3655.0;326.0;118.0;5255.0;946.0;69.0;3759.0;2406.0;2285.0;2211.0;2629.0;1206.0;1835.0;2766.0;4430.0;1812.0;1849.0;1787.0;2346.0;1250.0;1623.0
maitrgims;121946.0;15340.0;19166.0;380296.0;30388.0;35605.0;13553.0;19949.0;36843.0;29656.0;1464.0;13807.0;4207.0;2316.0;1047.0;12948.0;15115.0;93176.0;3661.0;175521.0;18459.0;2459.0;32550.0;14279.0;14926.0;122169.0;66047.0;62.0;211.0;11052.0;14218.0;2227.0;3258.0;1003267.0;9772.0;59641.0;39281.0;60159.0;77810.0;71601.0;38131.0;39928.0;1110.0;381.0;413568.0;4173.0;151.0;596759.0;19806.0;25580.0;310085.0;88821.0;55415.0;19353.0;18566.0;110505.0;34164.0;24601.0;27808.0;10781.0;5654.0;5329.0
aketofficiel;5470.0;3762.0;4655.0;11925.0;5340.0;8835.0;4476.0;6407.0;8098.0;4656.0;970.0;4003.0;1757.0;553.0;474.0;5689.0;1557.0;4571.0;1935.0;8210.0;3796.0;689.0;6112.0;759.0;1309.0;9362.0;9422.0;50.0;71.0;2032.0;5557.0;400.0;1672.0;9772.0;17805.0;6605.0;8040.0;9118.0;11034.0;5813.0;12641.0;8783.0;407.0;94.0;11281.0;1070.0;72.0;11930.0;4797.0;7841.0;7630.0;7938.0;5980.0;6119.0;6443.0;10460.0;6550.0;7055.0;3499.0;1969.0;3431.0;1867.0
sultanofficiel;40338.0;7444.0;8841.0;57730.0;22614.0;21526.0;9612.0;13708.0;17252.0;13146.0;554.0;13740.0;1790.0;1292.0;713.0;5436.0;2664.0;19702.0;1838.0;62013.0;4932.0;1053.0;25045.0;4610.0;9784.0;28132.0;31700.0;42.0;67.0;3201.0;8792.0;2151.0;1978.0;59641.0;6605.0;111850.0;11522.0;32581.0;33461.0;37861.0;21685.0;24315.0;439.0;118.0;67926.0;1201.0;71.0;88068.0;14058.0;15549.0;41237.0;63945.0;26498.0;11153.0;12907.0;34937.0;27187.0;14011.0;19851.0;7110.0;3915.0;3883.0
oxmopuccino;17744.0;14120.0;18732.0;117905.0;8228.0;20426.0;7685.0;9707.0;35107.0;6602.0;6762.0;5373.0;3567.0;812.0;724.0;22738.0;50712.0;9721.0;2312.0;24299.0;20821.0;2821.0;10718.0;1689.0;3104.0;117150.0;27297.0;87.0;304.0;4922.0;11142.0;622.0;4187.0;39281.0;8040.0;11522.0;331417.0;17414.0;85246.0;12262.0;17360.0;18793.0;2150.0;606.0;129628.0;5576.0;228.0;124545.0;12633.0;15528.0;23588.0;17260.0;10415.0;9593.0;12491.0;97027.0;9661.0;13129.0;5928.0;6242.0;5431.0;5024.0
alonzopsy4;33582.0;7617.0;9190.0;82029.0;19310.0;27000.0;11863.0;19786.0;21343.0;21134.0;1003.0;10869.0;2849.0;1960.0;987.0;9995.0;3800.0;20016.0;2541.0;53509.0;7474.0;1078.0;24480.0;6869.0;9847.0;31033.0;34970.0;87.0;120.0;4943.0;11101.0;2046.0;3062.0;60159.0;9118.0;32581.0;17414.0;114761.0;44649.0;38822.0;28318.0;29818.0;664.0;159.0;68784.0;1783.0;101.0;78439.0;13056.0;20683.0;41582.0;38629.0;27690.0;15041.0;15453.0;36190.0;25673.0;18679.0;17325.0;7400.0;5113.0;3497.0
rimkofficiel;42971.0;11518.0;13627.0;165741.0;21308.0;39800.0;13297.0;17029.0;29791.0;20376.0;1594.0;12219.0;3692.0;1478.0;1399.0;14149.0;6003.0;20183.0;2598.0;73374.0;14132.0;1423.0;31353.0;5656.0;8622.0;101413.0;47975.0;87.0;209.0;6760.0;13965.0;1753.0;3483.0;77810.0;11034.0;33461.0;85246.0;44649.0;280624.0;48952.0;36116.0;38464.0;933.0;240.0;181605.0;3391.0;171.0;190244.0;17319.0;29111.0;47776.0;46112.0;38149.0;18002.0;20193.0;102716.0;29124.0;25189.0;21134.0;7364.0;6114.0;4248.0
lacrim_officiel;68563.0;6967.0;9854.0;65701.0;18663.0;28810.0;13362.0;12225.0;16214.0;19268.0;445.0;13328.0;1353.0;2662.0;1254.0;6018.0;3305.0;16687.0;1777.0;87577.0;5450.0;1195.0;46063.0;12993.0;21517.0;26109.0;34756.0;45.0;103.0;2956.0;9439.0;2959.0;2752.0;71601.0;5813.0;37861.0;12262.0;38822.0;48952.0;190356.0;21970.0;29651.0;492.0;114.0;100303.0;1285.0;95.0;103920.0;17529.0;16139.0;41563.0;49583.0;58706.0;11348.0;14525.0;26832.0;32222.0;13651.0;45465.0;10987.0;3455.0;4143.0
tunisniper;18319.0;8034.0;9555.0;49411.0;17682.0;21878.0;7672.0;14870.0;20807.0;15405.0;1250.0;8956.0;2638.0;966.0;890.0;10670.0;4351.0;13835.0;3194.0;34591.0;8670.0;1345.0;16332.0;2903.0;3656.0;27559.0;31686.0;81.0;163.0;4929.0;12073.0;903.0;2790.0;38131.0;12641.0;21685.0;17360.0;28318.0;36116.0;21970.0;74237.0;21744.0;751.0;194.0;43910.0;2198.0;101.0;52743.0;11580.0;18196.0;27461.0;28661.0;21627.0;16133.0;12707.0;29922.0;19572.0;17231.0;10801.0;4096.0;4585.0;3438.0
general_mactyer;35052.0;6979.0;8750.0;40421.0;14620.0;30142.0;16111.0;14160.0;20136.0;10893.0;1171.0;10863.0;2719.0;1405.0;994.0;8964.0;2820.0;13072.0;2192.0;40152.0;6978.0;1006.0;28240.0;3329.0;9933.0;24155.0;33338.0;57.0;122.0;3314.0;11747.0;2417.0;3655.0;39928.0;8783.0;24315.0;18793.0;29818.0;38464.0;29651.0;21744.0;77125.0;669.0;213.0;53878.0;1896.0;151.0;50876.0;12622.0;21388.0;26732.0;32798.0;18794.0;11985.0;22302.0;31670.0;19130.0;18789.0;15144.0;8946.0;6493.0;4156.0
abdalmalik1;552.0;474.0;605.0;1497.0;351.0;597.0;289.0;412.0;1527.0;398.0;383.0;208.0;224.0;79.0;56.0;1303.0;933.0;397.0;277.0;828.0;1192.0;147.0;370.0;178.0;222.0;1589.0;1453.0;16.0;27.0;567.0;834.0;46.0;326.0;1110.0;407.0;439.0;2150.0;664.0;933.0;492.0;751.0;669.0;6916.0;74.0;1406.0;374.0;52.0;1439.0;418.0;577.0;756.0;609.0;415.0;500.0;450.0;1473.0;448.0;589.0;265.0;294.0;194.0;201.0
mcsolaar1;224.0;152.0;219.0;403.0;105.0;201.0;105.0;127.0;444.0;77.0;82.0;75.0;80.0;14.0;20.0;400.0;171.0;110.0;85.0;275.0;383.0;55.0;124.0;34.0;49.0;474.0;378.0;7.0;30.0;98.0;172.0;19.0;118.0;381.0;94.0;118.0;606.0;159.0;240.0;114.0;194.0;213.0;74.0;2037.0;514.0;302.0;22.0;466.0;164.0;126.0;225.0;190.0;104.0;136.0;157.0;379.0;108.0;146.0;80.0;121.0;73.0;94.0
booba;217710.0;26101.0;35699.0;708265.0;33476.0;59154.0;21617.0;20622.0;52740.0;26913.0;2815.0;16526.0;5709.0;2519.0;1683.0;18118.0;12712.0;54961.0;3753.0;244199.0;27937.0;3675.0;50769.0;12952.0;26360.0;294575.0;76190.0;87.0;298.0;12816.0;17028.0;3775.0;5255.0;413568.0;11281.0;67926.0;129628.0;68784.0;181605.0;100303.0;43910.0;53878.0;1406.0;514.0;1940265.0;7149.0;279.0;1118470.0;34568.0;41915.0;184809.0;105386.0;80172.0;23762.0;26836.0;195194.0;38857.0;33546.0;37572.0;22380.0;7364.0;9502.0
gyneco;2264.0;2406.0;2755.0;4756.0;1262.0;2628.0;880.0;1020.0;4188.0;1009.0;747.0;647.0;1025.0;139.0;223.0;3464.0;1882.0;1135.0;607.0;3220.0;5933.0;523.0;1234.0;272.0;454.0;6477.0;3140.0;12.0;74.0;1097.0;1299.0;118.0;946.0;4173.0;1070.0;1201.0;5576.0;1783.0;3391.0;1285.0;2198.0;1896.0;374.0;302.0;7149.0;25754.0;119.0;6135.0;1803.0;1710.0;2367.0;1722.0;1314.0;1576.0;1389.0;3806.0;1064.0;1610.0;661.0;1183.0;703.0;853.0
gab1mc;170.0;60.0;76.0;148.0;67.0;162.0;82.0;60.0;161.0;54.0;29.0;49.0;50.0;14.0;30.0;159.0;48.0;48.0;47.0;188.0;171.0;11.0;95.0;25.0;42.0;172.0;161.0;4.0;9.0;58.0;91.0;13.0;69.0;151.0;72.0;71.0;228.0;101.0;171.0;95.0;101.0;151.0;52.0;22.0;279.0;119.0;550.0;202.0;76.0;111.0;80.0;91.0;82.0;81.0;131.0;138.0;60.0;120.0;38.0;52.0;52.0;39.0
lafouine78;164764.0;25996.0;33173.0;877447.0;45423.0;51960.0;16429.0;23443.0;52106.0;35146.0;2124.0;18440.0;5776.0;2711.0;1381.0;17089.0;20195.0;75825.0;4509.0;269964.0;27832.0;3725.0;45762.0;15885.0;20185.0;330501.0;84246.0;96.0;283.0;17517.0;17298.0;2822.0;3759.0;596759.0;11930.0;88068.0;124545.0;78439.0;190244.0;103920.0;52743.0;50876.0;1439.0;466.0;1118470.0;6135.0;202.0;2645989.0;32054.0;42313.0;265323.0;136011.0;90778.0;27250.0;23176.0;212734.0;47850.0;35282.0;38903.0;14823.0;6577.0;7596.0
guizlabanquise;17654.0;18146.0;27700.0;22436.0;8561.0;14990.0;7170.0;7946.0;18718.0;5324.0;1540.0;8202.0;1339.0;711.0;717.0;6622.0;1662.0;6895.0;1404.0;21407.0;5662.0;3321.0;13677.0;1697.0;6529.0;25852.0;15100.0;41.0;81.0;1562.0;5831.0;1016.0;2406.0;19806.0;4797.0;14058.0;12633.0;13056.0;17319.0;17529.0;11580.0;12622.0;418.0;164.0;34568.0;1803.0;76.0;32054.0;73067.0;10903.0;13994.0;19925.0;12996.0;7168.0;10379.0;18793.0;11035.0;8529.0;11473.0;9221.0;3354.0;8049.0
nessbealne2s;15587.0;6596.0;7903.0;34861.0;12937.0;23112.0;8811.0;10636.0;16728.0;8829.0;1207.0;7833.0;2954.0;783.0;837.0;7980.0;2468.0;8672.0;1840.0;22592.0;6784.0;901.0;14685.0;1595.0;3361.0;23695.0;20513.0;67.0;95.0;3915.0;7953.0;890.0;2285.0;25580.0;7841.0;15549.0;15528.0;20683.0;29111.0;16139.0;18196.0;21388.0;577.0;126.0;41915.0;1710.0;111.0;42313.0;10903.0;58293.0;18215.0;22041.0;17700.0;10488.0;13640.0;23473.0;13964.0;17957.0;7876.0;4213.0;5075.0;2836.0
bmesrimes;68424.0;10962.0;12907.0;210582.0;22577.0;23276.0;9111.0;15874.0;25356.0;20144.0;973.0;10865.0;2965.0;1629.0;670.0;8630.0;9640.0;86100.0;2678.0;93063.0;11057.0;1789.0;20937.0;8669.0;9734.0;73565.0;44506.0;52.0;131.0;6734.0;10182.0;1512.0;2211.0;310085.0;7630.0;41237.0;23588.0;41582.0;47776.0;41563.0;27461.0;26732.0;756.0;225.0;184809.0;2367.0;80.0;265323.0;13994.0;18215.0;424681.0;61181.0;34944.0;14306.0;12878.0;76451.0;24400.0;17947.0;17562.0;7268.0;4267.0;3900.0
fababyofficiel;58789.0;10375.0;12702.0;86289.0;28657.0;29247.0;12222.0;16845.0;24029.0;15774.0;833.0;17423.0;2212.0;1445.0;832.0;7330.0;3993.0;26472.0;2247.0;82821.0;6979.0;1515.0;32892.0;5273.0;11718.0;42008.0;45680.0;50.0;100.0;4254.0;11669.0;2193.0;2629.0;88821.0;7938.0;63945.0;17260.0;38629.0;46112.0;49583.0;28661.0;32798.0;609.0;190.0;105386.0;1722.0;91.0;136011.0;19925.0;22041.0;61181.0;177420.0;35423.0;14973.0;18195.0;53817.0;32874.0;18774.0;25727.0;9086.0;4843.0;5530.0
mryouofficiel;30180.0;6103.0;7944.0;65884.0;18871.0;21862.0;6635.0;10361.0;13538.0;17372.0;588.0;10077.0;1987.0;866.0;995.0;5872.0;2731.0;14854.0;1334.0;56112.0;6062.0;746.0;23404.0;5298.0;5424.0;27840.0;25402.0;45.0;88.0;4540.0;6821.0;974.0;1206.0;55415.0;5980.0;26498.0;10415.0;27690.0;38149.0;58706.0;21627.0;18794.0;415.0;104.0;80172.0;1314.0;82.0;90778.0;12996.0;17700.0;34944.0;35423.0;142345.0;10402.0;10336.0;23012.0;24231.0;14872.0;20288.0;3887.0;3032.0;2414.0
sinikofficiel;10261.0;4251.0;5413.0;25314.0;9356.0;12610.0;4903.0;8732.0;11452.0;9842.0;826.0;5314.0;2081.0;766.0;640.0;6607.0;3005.0;7486.0;1800.0;17829.0;5522.0;754.0;8555.0;2033.0;2551.0;14991.0;16511.0;47.0;104.0;4337.0;7333.0;624.0;1835.0;19353.0;6119.0;11153.0;9593.0;15041.0;18002.0;11348.0;16133.0;11985.0;500.0;136.0;23762.0;1576.0;81.0;27250.0;7168.0;10488.0;14306.0;14973.0;10402.0;41301.0;7378.0;16052.0;10331.0;10386.0;6082.0;2589.0;3343.0;2304.0
desporutti93;18595.0;5171.0;6640.0;18337.0;8451.0;18450.0;11649.0;9584.0;12743.0;5511.0;1018.0;7618.0;1844.0;763.0;722.0;6323.0;1592.0;6739.0;1478.0;19585.0;4554.0;827.0;16664.0;1321.0;4487.0;13901.0;18794.0;40.0;89.0;1886.0;8268.0;1283.0;2766.0;18566.0;6443.0;12907.0;12491.0;15453.0;20193.0;14525.0;12707.0;22302.0;450.0;157.0;26836.0;1389.0;131.0;23176.0;10379.0;13640.0;12878.0;18195.0;10336.0;7378.0;37923.0;18229.0;11421.0;11313.0;8051.0;5167.0;5544.0;3302.0
youssouphamusik;46655.0;17735.0;21386.0;187366.0;19499.0;30358.0;12135.0;17926.0;41412.0;12703.0;2938.0;11719.0;3542.0;1240.0;819.0;14826.0;6956.0;27530.0;3269.0;57518.0;15020.0;3051.0;22468.0;3192.0;8356.0;136583.0;53360.0;73.0;157.0;6578.0;17200.0;1572.0;4430.0;110505.0;10460.0;34937.0;97027.0;36190.0;102716.0;26832.0;29922.0;31670.0;1473.0;379.0;195194.0;3806.0;138.0;212734.0;18793.0;23473.0;76451.0;53817.0;23012.0;16052.0;18229.0;328616.0;22473.0;20033.0;13557.0;9982.0;6649.0;7329.0
leckyougo;21808.0;5741.0;6871.0;36949.0;17541.0;18100.0;7914.0;12355.0;14375.0;13284.0;565.0;11388.0;1519.0;1061.0;642.0;5186.0;2065.0;12841.0;1543.0;37349.0;4049.0;804.0;21026.0;3535.0;5275.0;18123.0;24649.0;43.0;60.0;2933.0;8227.0;1203.0;1812.0;34164.0;6550.0;27187.0;9661.0;25673.0;29124.0;32222.0;19572.0;19130.0;448.0;108.0;38857.0;1064.0;60.0;47850.0;11035.0;13964.0;24400.0;32874.0;24231.0;10331.0;11421.0;22473.0;67463.0;12372.0;16735.0;4821.0;3809.0;3031.0
zehefyu;13868.0;4990.0;5953.0;31338.0;11638.0;18984.0;7203.0;9910.0;14244.0;8718.0;1063.0;6843.0;2933.0;728.0;741.0;7585.0;2520.0;8577.0;1583.0;22450.0;6563.0;615.0;11863.0;1534.0;2831.0;17832.0;19994.0;58.0;91.0;3927.0;7406.0;839.0;1849.0;24601.0;7055.0;14011.0;13129.0;18679.0;25189.0;13651.0;17231.0;18789.0;589.0;146.0;33546.0;1610.0;120.0;35282.0;8529.0;17957.0;17947.0;18774.0;14872.0;10386.0;11313.0;20033.0;12372.0;53260.0;6460.0;3158.0;4583.0;2196.0
hayce_lemsi;31068.0;4800.0;7067.0;25000.0;9239.0;14143.0;7926.0;7001.0;9027.0;8253.0;338.0;10762.0;673.0;1187.0;716.0;3083.0;1376.0;7990.0;1035.0;35578.0;2421.0;1021.0;23938.0;5478.0;10965.0;13158.0;16201.0;29.0;58.0;1230.0;5377.0;1757.0;1787.0;27808.0;3499.0;19851.0;5928.0;17325.0;21134.0;45465.0;10801.0;15144.0;265.0;80.0;37572.0;661.0;38.0;38903.0;11473.0;7876.0;17562.0;25727.0;20288.0;6082.0;8051.0;13557.0;16735.0;6460.0;74179.0;7160.0;2038.0;3816.0
jokemtp;17559.0;7288.0;9917.0;9337.0;3314.0;7674.0;10354.0;3355.0;10121.0;2067.0;802.0;3733.0;657.0;862.0;368.0;2782.0;816.0;3344.0;926.0;10000.0;2237.0;1813.0;10198.0;1433.0;12258.0;11626.0;6912.0;8.0;37.0;592.0;3298.0;1906.0;2346.0;10781.0;1969.0;7110.0;6242.0;7400.0;7364.0;10987.0;4096.0;8946.0;294.0;121.0;22380.0;1183.0;52.0;14823.0;9221.0;4213.0;7268.0;9086.0;3887.0;2589.0;5167.0;9982.0;4821.0;3158.0;7160.0;48229.0;1939.0;6534.0
grodashizzle;4534.0;2254.0;2893.0;5944.0;3057.0;5910.0;4673.0;4037.0;5213.0;2052.0;718.0;2876.0;1292.0;409.0;298.0;3171.0;648.0;2383.0;807.0;4607.0;2222.0;375.0;4573.0;315.0;1314.0;5376.0;5321.0;17.0;26.0;1026.0;3439.0;448.0;1250.0;5654.0;3431.0;3915.0;5431.0;5113.0;6114.0;3455.0;4585.0;6493.0;194.0;73.0;7364.0;703.0;52.0;6577.0;3354.0;5075.0;4267.0;4843.0;3032.0;3343.0;5544.0;6649.0;3809.0;4583.0;2038.0;1939.0;12012.0;1425.0
punchydinos;6100.0;7236.0;9830.0;5241.0;2104.0;4631.0;3412.0;2826.0;7756.0;1258.0;799.0;3043.0;503.0;345.0;249.0;2753.0;648.0;2072.0;599.0;5005.0;1801.0;2296.0;4222.0;554.0;3192.0;8913.0;4478.0;14.0;36.0;486.0;2555.0;542.0;1623.0;5329.0;1867.0;3883.0;5024.0;3497.0;4248.0;4143.0;3438.0;4156.0;201.0;94.0;9502.0;853.0;39.0;7596.0;8049.0;2836.0;3900.0;5530.0;2414.0;2304.0;3302.0;7329.0;3031.0;2196.0;3816.0;6534.0;1425.0;21661.0
